[gd_scene load_steps=9 format=2]

[ext_resource path="res://modelscenes/snowmountain.tscn" type="PackedScene" id=1]
[ext_resource path="res://modelscenes/yeti.tscn" type="PackedScene" id=2]
[ext_resource path="res://images/snow.png" type="Texture" id=3]
[ext_resource path="res://scenes/YetiMarch.gd" type="Script" id=4]

[sub_resource type="ProceduralSky" id=1]
sky_top_color = Color( 0.121569, 0.0784314, 0.6, 1 )
sky_horizon_color = Color( 0.00784314, 0.00784314, 0.0627451, 1 )
sky_energy = 0.5
ground_bottom_color = Color( 0.352941, 0.372549, 0.588235, 1 )
ground_horizon_color = Color( 0.545098, 0.576471, 0.619608, 1 )
sun_color = Color( 0.862745, 0.847059, 0.482353, 1 )
sun_latitude = 69.7
texture_size = 0

[sub_resource type="Environment" id=2]
background_mode = 2
background_sky = SubResource( 1 )
background_color = Color( 0.184314, 0.113725, 0.376471, 1 )

[sub_resource type="SpatialMaterial" id=3]
flags_transparent = true
flags_do_not_receive_shadows = true
params_blend_mode = 1
params_billboard_mode = 3
particles_anim_h_frames = 1
particles_anim_v_frames = 1
particles_anim_loop = false
albedo_color = Color( 0.0196078, 0.0196078, 0.0196078, 1 )
albedo_texture = ExtResource( 3 )
emission_enabled = true
emission = Color( 0.0156863, 0.0156863, 0.0156863, 1 )
emission_energy = 1.0
emission_operator = 0
emission_on_uv2 = false
emission_texture = ExtResource( 3 )

[sub_resource type="QuadMesh" id=4]
material = SubResource( 3 )
size = Vector2( 0.5, 0.7 )

[node name="YetiMarch" type="Spatial"]
script = ExtResource( 4 )

[node name="WorldEnvironment" type="WorldEnvironment" parent="."]
environment = SubResource( 2 )

[node name="snowmountain" parent="." instance=ExtResource( 1 )]
transform = Transform( 10, 0, 0, 0, 10, 0, 0, 0, 10, 0, 0, 0 )

[node name="DirectionalLight" type="DirectionalLight" parent="."]
transform = Transform( 0.910669, 0.413137, -1.95771e-07, -0.394775, 0.870196, 0.294808, 0.121796, -0.268472, 0.955557, -29.1209, 14.1223, 3.97127 )
light_energy = 0.7
light_indirect_energy = 0.7
shadow_enabled = true

[node name="Camera" type="Camera" parent="."]
transform = Transform( -4.37114e-08, 0, -1, 0, 1, 0, 1, 0, -4.37114e-08, -81.8339, 1.78408, 0 )

[node name="yeti" parent="." instance=ExtResource( 2 )]
transform = Transform( -4.37114e-08, 0, 1, 0, 1, 0, -1, 0, -4.37114e-08, -41.212, 1, 0 )

[node name="yeti4" parent="." instance=ExtResource( 2 )]
transform = Transform( 0.247675, 0, 0.968843, 0, 1, 0, -0.968843, 0, 0.247675, -49.79, 1, -11.164 )

[node name="yeti2" parent="." instance=ExtResource( 2 )]
transform = Transform( 0.202223, 0, 0.979339, 0, 1, 0, -0.979339, 0, 0.202223, -8.271, 1, -35.854 )

[node name="yeti3" parent="." instance=ExtResource( 2 )]
transform = Transform( 0.0695648, 0, 0.997577, 0, 1, 0, -0.997577, 0, 0.0695648, -46.795, 1, 22.278 )

[node name="CPUParticles" type="CPUParticles" parent="."]
transform = Transform( 0.605317, -0.0122775, 0.79589, -0.0200241, 0.99933, 0.0306452, -0.795733, -0.0344869, 0.604665, -48.4119, 15.5917, 0 )
amount = 50
lifetime = 10.0
mesh = SubResource( 4 )
emission_shape = 2
emission_box_extents = Vector3( 10, 1, 10 )
spread = 50.0
gravity = Vector3( 0, -0.5, 0 )
initial_velocity = 1.0
angular_velocity = 1.0
radial_accel = 1.0
radial_accel_random = 1.0
tangential_accel = 7.15
angle = 1.0
angle_random = 1.0
